
function [n, m, f, c] = flpData
n=6;
m=5;

f = [4 9 5 7 6 3];

c = [7 4 1 5 9 2;
2 3 6 7 1 8;
5 6 3 9 8 1;
1 9 7 6 2 5;
8 4 2 5 7 1];


