function [n, m, f, c] = flpData
n=5;
m=6;

f = [9 4 7 12 5];

c = [3 6 1 4 7;
9 2 8 3 6;
4 5 2 1 7;
1 9 6 4 5;
7 8 2 1 3;
5 6 9 2 1];


